30 200 10
25 4
8 2
29 14
3 21
2 3
18 28
10 28
30 15
12 21
26 13
27 30
19 14
27 7
24 30
24 19
9 2
9 21
1 27
17 6
3 4
1 10
16 17
25 7
20 30
16 13
1 19
24 10
24 12
11 3
9 15
18 20
8 23
3 23
6 7
12 5
5 15
3 27
19 21
2 21
3 14
18 12
21 22
16 1
26 5
26 10
10 2
29 15
18 2
3 22
1 11
17 19
3 28
19 15
2 5
21 15
18 29
2 12
19 5
16 23
8 28
25 6
26 19
8 4
10 4
18 4
1 15
25 28
25 22
2 23
9 7
25 13
29 6
17 9
16 7
25 18
24 15
4 28
27 11
11 5
4 29
1 7
18 23
16 2
8 10
3 12
8 18
9 11
8 12
26 12
24 23
25 20
28 13
12 22
5 22
24 6
26 7
8 29
2 27
12 30
27 21
16 25
17 13
26 22
26 2
4 12
24 28
24 13
26 4
20 22
1 30
25 15
1 28
11 12
9 3
24 14
8 20
14 23
26 11
16 20
28 22
14 15
19 30
18 10
25 11
18 27
29 30
17 3
28 30
2 13
25 23
8 26
12 29
22 15
27 22
18 19
11 4
22 14
16 9
13 15
20 6
3 7
26 30
6 14
1 18
1 17
4 14
20 21
1 26
16 27
4 30
1 21
1 2
19 4
26 20
4 22
16 19
17 20
27 20
20 15
16 28
20 23
17 10
10 15
22 30
18 15
2 29
21 29
17 12
17 5
13 30
8 14
16 4
16 6
24 4
3 29
8 21
11 6
10 7
1 23
16 11
3 13
8 1
12 6
27 4
11 28
25 29
2 20
11 13
16 14
25 10
11 15
25 12
9 27
25 5
1 13
25 26
3 15
12 14
13 7
27 5
27 12
12 15
5 14
28 29
26 14
11 20
19 13
22 7
28 5
18 30
